image_width: 1280
image_height: 720
camera_name: race12
camera_matrix:
  rows: 3
  cols: 3
  data: [1049.002917, 0.0, 645.605497, 0.0, 1050.713758, 373.350070, 0.0, 0.0, 1.0]
distortion_model: plumb_bob
distortion_coefficients:
  rows: 1
  cols: 5
  data: [-0.361703, 0.154570, 0.000457, 0.000653, 0.0]
rectification_matrix:
  rows: 3
  cols: 3
  data: [1.0, 0.0, 0.0, 0.0, 1.0, 0.0, 0.0, 0.0, 1.0]
projection_matrix:
  rows: 3
  cols: 4
  data: [897.377808, 0.0, 648.263758, 0.0, 0.0, 1002.903381, 374.294481, 0.0, 0.0, 0.0, 1.0, 0.0]

