# Camera calibration info (auto-generated by ChatGPT)
# Calibration done using mono pinhole calibration

image_width: 640
image_height: 360

camera_name: narrow_stereo
camera_matrix:
  rows: 3
  cols: 3
  data: [ 395.933198, 0.0, 309.296389, 0.0, 396.209549, 200.981390, 0.0, 0.0, 1.0 ]
distortion_model: plumb_bob
distortion_coefficients:
  rows: 1
  cols: 5
  data: [ -0.335268, 0.109747, -0.000036, 0.000464, 0.0 ]
rectification_matrix:
  rows: 3
  cols: 3
  data: [ 1.0, 0.0, 0.0, 0.0, 1.0, 0.0, 0.0, 0.0, 1.0 ]
projection_matrix:
  rows: 3
  cols: 4
  data: [ 301.306335, 0.0, 305.894602, 0.0, 0.0, 364.083740, 203.970032, 0.0, 0.0, 0.0, 1.0, 0.0 ]

