image_width: 1280
image_height: 720
camera_name: race1_main_camera
camera_matrix:
  rows: 3
  cols: 3
  data: [1049.285031, 0.0, 663.922881, 0.0, 1049.641194, 340.033193, 0.0, 0.0, 1.0]
distortion_model: plumb_bob
distortion_coefficients:
  rows: 1
  cols: 5
  data: [-0.361712, 0.154643, 0.000780, -0.000008, 0.0]
rectification_matrix:
  rows: 3
  cols: 3
  data: [1.0, 0.0, 0.0, 0.0, 1.0, 0.0, 0.0, 0.0, 1.0]
projection_matrix:
  rows: 3
  cols: 4
  data: [897.298950, 0.0, 670.989238, 0.0, 0.0, 1001.508911, 338.019412, 0.0, 0.0, 0.0, 1.0, 0.0]

